Original_header,No_peptide,Enzyme,Cleaving_pos,Peptide_size,Peptide_mass,pI,Sequence
Bos_taurus |,0,Trypsin,11,11,1069.30508,9.71,GPGPMGLMGPR
Bos_taurus |,1,Trypsin,44,33,2938.12218,4.53,GPPGASGAPGPQGFQGPPGEPGEPGQTGPAGAR
Bos_taurus |,2,Trypsin,52,8,705.81188,8.06,GPPGPPGK
Bos_taurus |,3,Trypsin,68,16,1616.71348,7.08,AGEDGHPGKPGRPGER
Bos_taurus |,4,Trypsin,77,9,839.94988,9.71,GVVGPQGAR
Bos_taurus |,5,Trypsin,89,12,1174.36478,8.06,GFPGTPGLPGFK
Bos_taurus |,6,Trypsin,92,3,344.41408,9.71,GIR
Bos_taurus |,7,Trypsin,101,9,909.99738,7.08,GHNGLDGLK
Bos_taurus |,8,Trypsin,110,9,809.92058,8.06,GQPGAPGVK
Bos_taurus |,9,Trypsin,128,18,1652.69758,4.53,GEPGAPGENGTPGQTGAR
Bos_taurus |,10,Trypsin,134,6,627.69818,6.23,GLPGER
Bos_taurus |,11,Trypsin,136,2,231.25468,9.71,GR
Bos_taurus |,12,Trypsin,146,10,851.96088,9.71,VGAPGPAGAR
Bos_taurus |,13,Trypsin,176,30,2541.80278,5.87,GSDGSVGPVGPAGPIGSAGPPGFPGAPGPK
Bos_taurus |,14,Trypsin,194,18,1599.76658,6.23,GELGPVGNPGPAGPAGPR
Bos_taurus |,15,Trypsin,221,27,2366.65898,6.13,GEVGLPGLSGPVGPPGNPGANGLPGAK
Bos_taurus |,16,Trypsin,239,18,1514.74758,9.71,GAAGLPGVAGAPGLPGPR
Bos_taurus |,17,Trypsin,254,15,1251.40798,9.71,GIPGPVGAAGATGAR
Bos_taurus |,18,Trypsin,266,12,1068.19488,6.13,GLVGEPGPAGSK
Bos_taurus |,19,Trypsin,272,6,590.59068,6.13,GESGNK
Bos_taurus |,20,Trypsin,292,20,1803.90298,4.25,GEPGAVGQPGPPGPSGEEGK
Bos_taurus |,21,Trypsin,293,1,174.20278,9.71,R
Bos_taurus |,22,Trypsin,311,18,1616.79408,6.23,GSTGEIGPAGPPGPPGLR
Bos_taurus |,23,Trypsin,317,6,586.60528,9.71,GNPGSR
Bos_taurus |,24,Trypsin,325,8,741.80198,5.98,GLPGADGR
Bos_taurus |,25,Trypsin,335,10,902.03618,9.71,AGVMGPAGSR
Bos_taurus |,26,Trypsin,344,9,784.87048,9.71,GATGPAGVR
Bos_taurus |,27,Trypsin,362,18,1750.90658,6.28,GPNGDSGRPGEPGLMGPR
Bos_taurus |,28,Trypsin,376,14,1255.39578,8.06,GFPGSPGNIGPAGK
Bos_taurus |,29,Trypsin,398,22,2040.30958,6.28,EGPVGLPGIDGRPGPIGPAGAR
Bos_taurus |,30,Trypsin,410,12,1169.30238,6.13,GEPGNIGFPGPK
Bos_taurus |,31,Trypsin,418,8,713.74528,5.87,GPSGDPGK
Bos_taurus |,32,Trypsin,422,4,403.43558,6.13,AGEK
Bos_taurus |,33,Trypsin,431,9,808.89538,9.73,GHAGLAGAR
Bos_taurus |,34,Trypsin,455,24,2130.26118,5.87,GAPGPDGNNGAQGPPGLQGVQGGK
Bos_taurus |,35,Trypsin,485,30,2744.96028,4.82,GEQGPAGPPGFQGLPGPAGTAGEAGKPGER
Bos_taurus |,36,Trypsin,500,15,1395.58088,6.23,GIPGEFGLPGPAGAR
Bos_taurus |,37,Trypsin,503,3,360.37018,6.23,GER
Bos_taurus |,38,Trypsin,521,18,1564.67498,6.23,GPPGESGAAGPTGPIGSR
Bos_taurus |,39,Trypsin,533,12,1079.13438,5.87,GPSGPPGPDGNK
Bos_taurus |,40,Trypsin,557,24,2103.27618,4.53,GEPGVVGAPGTAGPSGPSGLPGER
Bos_taurus |,41,Trypsin,566,9,726.83068,8.06,GAAGIPGGK
Bos_taurus |,42,Trypsin,569,3,332.35678,6.13,GEK
Bos_taurus |,43,Trypsin,575,6,631.68658,6.23,GETGLR
Bos_taurus |,44,Trypsin,583,8,757.80138,5.98,GDIGSPGR
Bos_taurus |,45,Trypsin,587,4,417.42208,5.98,DGAR
Bos_taurus |,46,Trypsin,605,18,1505.61008,5.98,GAPGAIGAPGPAGANGDR
Bos_taurus |,47,Trypsin,620,15,1261.35978,6.23,GEAGPAGPAGPAGPR
Bos_taurus |,48,Trypsin,626,6,601.61698,6.23,GSPGER
Bos_taurus |,49,Trypsin,650,24,2035.20338,6.13,GEVGPAGPNGFAGPAGAAGQPGAK
Bos_taurus |,50,Trypsin,653,3,360.37018,6.23,GER
Bos_taurus |,51,Trypsin,656,3,304.34638,8.06,GTK
Bos_taurus |,52,Trypsin,659,3,300.35798,8.06,GPK
Bos_taurus |,53,Trypsin,689,30,2565.74158,6.23,GENGPVGPTGPVGAAGPSGPNGPPGPAGSR
Bos_taurus |,54,Trypsin,706,17,1441.52288,5.98,GDGGPPGATGFPGAAGR
Bos_taurus |,55,Trypsin,727,21,1781.98598,8.06,TGPPGPSGISGPPGPPGPAGK
Bos_taurus |,56,Trypsin,731,4,473.52958,6.23,EGLR
Bos_taurus |,57,Trypsin,734,3,328.37138,9.71,GPR
Bos_taurus |,58,Trypsin,742,8,784.82708,5.98,GDQGPVGR
Bos_taurus |,59,Trypsin,758,16,1476.56278,4.53,SGETGASGPPGFVGEK
Bos_taurus |,60,Trypsin,791,33,2954.29188,6.23,GPSGEPGTAGPPGTPGPQGLLGAPGFLGLPGSR
Bos_taurus |,61,Trypsin,794,3,360.37018,6.23,GER
Bos_taurus |,62,Trypsin,818,24,2083.37498,6.23,GLPGVAGSVGEPGPLGIAGPPGAR
Bos_taurus |,63,Trypsin,838,20,1773.88258,6.23,GPPGNVGNPGVNGAPGEAGR
Bos_taurus |,64,Trypsin,850,12,1152.14528,4.04,DGNPGNDGPPGR
Bos_taurus |,65,Trypsin,857,7,737.77028,7.08,DGQPGHK
Bos_taurus |,66,Trypsin,860,3,360.37018,6.23,GER
Bos_taurus |,67,Trypsin,886,26,2229.48018,8.0,GYPGNAGPVGAAGAPGPQGPVGPVGK
Bos_taurus |,68,Trypsin,890,4,482.49958,9.73,HGNR
Bos_taurus |,69,Trypsin,908,18,1516.67688,6.23,GEPGPAGAVGPAGAVGPR
Bos_taurus |,70,Trypsin,917,9,867.96018,9.71,GPSGPQGIR
Bos_taurus |,71,Trypsin,920,3,318.32988,5.87,GDK
Bos_taurus |,72,Trypsin,926,6,601.61398,4.29,GEPGDK
Bos_taurus |,73,Trypsin,929,3,328.37138,9.71,GPR
Bos_taurus |,74,Trypsin,935,6,583.72868,8.06,GLPGLK
Bos_taurus |,75,Trypsin,965,30,2752.99168,7.47,GHNGLQGLPGLAGHHGDQGAPGAVGPAGPR
Bos_taurus |,76,Trypsin,976,11,894.98288,8.06,GPAGPSGPAGK
Bos_taurus |,77,Trypsin,979,3,346.34328,5.98,DGR
Bos_taurus |,78,Trypsin,992,13,1192.38348,9.71,IGQPGAVGPAGIR
Bos_taurus |,79,Trypsin,1030,38,3602.79378,3.89,GSQGSQGPAGPPGPPGPPGPPGPSGGGYEFGFDGDFYR
Homo_sapiens |,0,Trypsin,4,4,481.50588,5.87,YDGK
Homo_sapiens |,1,Trypsin,19,15,1395.70088,9.71,GVGLGPGPMGLMGPR
Homo_sapiens |,2,Trypsin,52,33,2896.08488,4.53,GPPGAAGAPGPQGFQGPAGEPGEPGQTGPAGAR
Homo_sapiens |,3,Trypsin,60,8,679.77398,8.06,GPAGPPGK
Homo_sapiens |,4,Trypsin,76,16,1616.71348,7.08,AGEDGHPGKPGRPGER
Homo_sapiens |,5,Trypsin,85,9,839.94988,9.71,GVVGPQGAR
Homo_sapiens |,6,Trypsin,97,12,1174.36478,8.06,GFPGTPGLPGFK
Homo_sapiens |,7,Trypsin,100,3,344.41408,9.71,GIR
Homo_sapiens |,8,Trypsin,109,9,909.99738,7.08,GHNGLDGLK
Homo_sapiens |,9,Trypsin,118,9,809.92058,8.06,GQPGAPGVK
Homo_sapiens |,10,Trypsin,136,18,1652.69758,4.53,GEPGAPGENGTPGQTGAR
Homo_sapiens |,11,Trypsin,142,6,627.69818,6.23,GLPGER
Homo_sapiens |,12,Trypsin,144,2,231.25468,9.71,GR
Homo_sapiens |,13,Trypsin,154,10,851.96088,9.71,VGAPGPAGAR
Homo_sapiens |,14,Trypsin,184,30,2541.80278,5.87,GSDGSVGPVGPAGPIGSAGPPGFPGAPGPK
Homo_sapiens |,15,Trypsin,202,18,1547.69078,6.23,GEIGAVGNAGPAGPAGPR
Homo_sapiens |,16,Trypsin,229,27,2370.64738,6.13,GEVGLPGLSGPVGPPGNPGANGLTGAK
Homo_sapiens |,17,Trypsin,247,18,1514.74758,9.71,GAAGLPGVAGAPGLPGPR
Homo_sapiens |,18,Trypsin,262,15,1251.40798,9.71,GIPGPVGAAGATGAR
Homo_sapiens |,19,Trypsin,274,12,1068.19488,6.13,GLVGEPGPAGSK
Homo_sapiens |,20,Trypsin,280,6,590.59068,6.13,GESGNK
Homo_sapiens |,21,Trypsin,300,20,1791.84858,4.25,GEPGSAGPQGPPGPSGEEGK
Homo_sapiens |,22,Trypsin,301,1,174.20278,9.71,R
Homo_sapiens |,23,Trypsin,319,18,1587.71218,6.23,GPNGEAGSAGPPGPPGLR
Homo_sapiens |,24,Trypsin,325,6,559.57968,9.71,GSPGSR
Homo_sapiens |,25,Trypsin,333,8,741.80198,5.98,GLPGADGR
Homo_sapiens |,26,Trypsin,343,10,928.07408,9.71,AGVMGPPGSR
Homo_sapiens |,27,Trypsin,352,9,770.84358,9.71,GASGPAGVR
Homo_sapiens |,28,Trypsin,370,18,1734.90718,6.28,GPNGDAGRPGEPGLMGPR
Homo_sapiens |,29,Trypsin,384,14,1221.37858,8.06,GLPGSPGNIGPAGK
Homo_sapiens |,30,Trypsin,406,22,2040.30958,6.28,EGPVGLPGIDGRPGPIGPAGAR
Homo_sapiens |,31,Trypsin,418,12,1169.30238,6.13,GEPGNIGFPGPK
Homo_sapiens |,32,Trypsin,426,8,727.77218,5.87,GPTGDPGK
Homo_sapiens |,33,Trypsin,430,4,432.43368,5.87,NGDK
Homo_sapiens |,34,Trypsin,439,9,808.89538,9.73,GHAGLAGAR
Homo_sapiens |,35,Trypsin,463,24,2114.21848,5.87,GAPGPDGNNGAQGPPGPQGVQGGK
Homo_sapiens |,36,Trypsin,493,30,2811.06298,4.82,GEQGPPGPPGFQGLPGPSGPAGEVGKPGER
Homo_sapiens |,37,Trypsin,508,15,1461.64318,7.2,GLHGEFGLPGPAGPR
Homo_sapiens |,38,Trypsin,511,3,360.37018,6.23,GER
Homo_sapiens |,39,Trypsin,529,18,1564.67498,6.23,GPPGESGAAGPTGPIGSR
Homo_sapiens |,40,Trypsin,541,12,1079.13438,5.87,GPSGPPGPDGNK
Homo_sapiens |,41,Trypsin,565,24,2105.29208,4.53,GEPGVVGAVGTAGPSGPSGLPGER
Homo_sapiens |,42,Trypsin,574,9,726.83068,8.06,GAAGIPGGK
Homo_sapiens |,43,Trypsin,577,3,332.35678,6.13,GEK
Homo_sapiens |,44,Trypsin,583,6,627.69818,6.23,GEPGLR
Homo_sapiens |,45,Trypsin,591,8,798.85388,6.23,GEIGNPGR
Homo_sapiens |,46,Trypsin,595,4,417.42208,5.98,DGAR
Homo_sapiens |,47,Trypsin,613,18,1478.58458,5.98,GAPGAVGAPGPAGATGDR
Homo_sapiens |,48,Trypsin,628,15,1235.32188,6.23,GEAGAAGPAGPAGPR
Homo_sapiens |,49,Trypsin,634,6,601.61698,6.23,GSPGER
Homo_sapiens |,50,Trypsin,658,24,2035.20338,6.13,GEVGPAGPNGFAGPAGAAGQPGAK
Homo_sapiens |,51,Trypsin,661,3,360.37018,6.23,GER
Homo_sapiens |,52,Trypsin,664,3,274.32008,8.06,GAK
Homo_sapiens |,53,Trypsin,667,3,300.35798,8.06,GPK
Homo_sapiens |,54,Trypsin,697,30,2551.75808,6.23,GENGVVGPTGPVGAAGPAGPNGPPGPAGSR
Homo_sapiens |,55,Trypsin,714,17,1501.63668,5.98,GDGGPPGMTGFPGAAGR
Homo_sapiens |,56,Trypsin,735,21,1781.98598,8.06,TGPPGPSGISGPPGPPGPAGK
Homo_sapiens |,57,Trypsin,739,4,473.52958,6.23,EGLR
Homo_sapiens |,58,Trypsin,742,3,328.37138,9.71,GPR
Homo_sapiens |,59,Trypsin,750,8,784.82708,5.98,GDQGPVGR
Homo_sapiens |,60,Trypsin,766,16,1472.61778,4.53,TGEVGAVGPPGFAGEK
Homo_sapiens |,61,Trypsin,799,33,2894.23678,6.23,GPSGEAGTAGPPGTPGPQGLLGAPGILGLPGSR
Homo_sapiens |,62,Trypsin,802,3,360.37018,6.23,GER
Homo_sapiens |,63,Trypsin,826,24,2067.37558,6.23,GLPGVAGAVGEPGPLGIAGPPGAR
Homo_sapiens |,64,Trypsin,846,20,1703.83198,6.23,GPPGAVGSPGVNGAPGEAGR
Homo_sapiens |,65,Trypsin,858,12,1152.14528,4.04,DGNPGNDGPPGR
Homo_sapiens |,66,Trypsin,865,7,737.77028,7.08,DGQPGHK
Homo_sapiens |,67,Trypsin,868,3,360.37018,6.23,GER
Homo_sapiens |,68,Trypsin,894,26,2252.51738,8.02,GYPGNIGPVGAAGAPGPHGPVGPAGK
Homo_sapiens |,69,Trypsin,898,4,482.49958,9.73,HGNR
Homo_sapiens |,70,Trypsin,916,18,1562.70258,6.23,GETGPSGPVGPAGAVGPR
Homo_sapiens |,71,Trypsin,925,9,867.96018,9.71,GPSGPQGIR
Homo_sapiens |,72,Trypsin,928,3,318.32988,5.87,GDK
Homo_sapiens |,73,Trypsin,934,6,615.64088,4.53,GEPGEK
Homo_sapiens |,74,Trypsin,937,3,328.37138,9.71,GPR
Homo_sapiens |,75,Trypsin,943,6,583.72868,8.06,GLPGLK
Homo_sapiens |,76,Trypsin,973,30,2768.99108,7.47,GHNGLQGLPGIAGHHGDQGAPGSVGPAGPR
Homo_sapiens |,77,Trypsin,984,11,894.98288,8.06,GPAGPSGPAGK
Homo_sapiens |,78,Trypsin,987,3,346.34328,5.98,DGR
Homo_sapiens |,79,Trypsin,1000,13,1219.36588,9.73,TGHPGTVGPAGIR
Homo_sapiens |,80,Trypsin,1038,38,3666.88358,4.3,GPQGHQGPAGPPGPPGPPGPPGVSGGGYDFGYDGDFYR
